7725
8551
5101
3048
9861
922
5717
7190
9575
618
9395
3821
9067
137
8327
5712
919
85
9881
4702
2323
6552
2699
7334
9763
9837
1329
230
9219
3325
8492
7797
2854
6213
2716
5672
8117
7050
1120
876
9350
6599
6102
1009
1805
5271
5049
5053
2391
1564
987
5542
12
1790
6666
5611
4803
6629
2643
889
989
9861
224
352
5249
3768
4285
4377
1339
7882
1324
7475
5256
5566
4918
7343
3111
831
4387
8418
2776
210
1961
2359
3452
5789
3673
2058
9369
4111
8861
8192
5945
6108
7030
6584
411
3334
3393
3280
5469
7524
3466
6479
8783
4746
5925
127
2175
8875
5805
3157
9922
1270
9016
2760
6486
2108
5473
2176
2621
7924
2634
5384
9338
4780
1950
348
697
7561
8260
9543
1235
6163
4275
3505
749
9922
1787
8068
7533
3376
1611
2929
5460
8086
5090
2965
8773
3468
645
7725
2907
2796
844
1091
5841
5273
7050
5273
9028
9787
9562
4525
367
2939
2488
9882
9005
9739
2507
3183
6015
5187
4017
8460
5287
2226
5983
3435
2472
-1
1071
5022
1339
7045
4119
7543
3359
9523
3089
6633
8818
951
7251
5002
5168
3186
1202
9409
7629
9728
9846
5855
1721
8499
1931
6094
1548
1989
8120
6410
9209
7693
3912
9386
235
7547
6896
7008
6232
271
6618
8084
1135
4614
5280
5422
8392
1234
854
166
6288
1660
6480
1880
5196
3384
8901
8713
9775
364
4284
9336
5899
6292
2114
2881
2523
598
6741
961
9338
4682
4279
8807
9038
8137
9122
4668
1382
5829
1212
366
3957
8492
9581
3702
8016
1017
8707
171
231
2593
1141
652
9089
5715
9126
264
9236
2729
4985
3817
1851
1318
6607
9003
5427
6496
5251
6028
4678
5516
3335
5366
1789
9609
4289
8371
4854
1129
4316
6568
9352
9092
1873
6602
826
2097
8933
8403
1298
7208
9163
6709
6895
7172
5616
2626
7886
1074
1625
9169
6866
6216
2069
474
5008
5225
6297
6585
1627
737
4071
7
3833
3703
9275
6093
5241
5334
3682
769
7837
9754
8978
3353
9820
2747
6789
8081
3140
7382
8667
9596
3451
2692
5512
5419
500
7646
5293
2606
6056
1984
5725
12
4079
9098
8399
8438
2587
7797
1372
2479
2752
2172
217
3148
4760
2165
9428
1089
5793
9671
4317
2641
9777
3081
9941
9367
2845
8641
1571
6556
4410
5540
7778
3355
1487
9247
8029
178
8895
8111
3815
8888
535
7413
151
7577
3780
1541
5897
7509
941
9247
5500
1334
435
7989
864
7905
4815
6515
7579
4141
8214
4371
8250
100
963
4378
3740
3831
9509
2455
2849
2386
5270
2395
4275
62
7520
2913
4631
1346
1897
7578
8046
2583
5644
5903
3983
255
380
9364
2394
6822
8784
1899
771
744
1316
7485
1391
6506
1598
3960
4810
2697
2676
5765
4825
2496
8826
6617
4222
3092
7088
8119
413
1979
9607
1942
2654
8965
6851
9749
7257
2952
5726
3417
8015
6257
5113
4620
6235
2656
521
6569
1282
5733
6889
73
1860
5405
835
7968
2581
7892
6682
384
2371
8583
7601
1432
5372
3630
9521
7699
896
8529
5395
5656
6129
1448
3430
4580
7592
8835
5431
9833
7589
4960
1673
2215
9297
8912
2332
419
241
7765
2128
2752
1596
7696
6738
5943
6066
6372
433
8141
3690
8300
1475
7111
5263
5112
2114
9292
3598
4515
4534
8288
3865
3918
3737
2994
109
2933
5514
1921
4721
5483
6316
1608
7558
7910
4367
2652
4968
3054
158
5372
8559
1808
4615
6481
6548
3628
6730
7168
4991
9626
1925
4407
8249
874
6441
856
252
5329
1577
7298
9675
9759
766
6714
3265
3006
6562
9374
657
7707
6808
1654
6504
8853
8997
2064
3343
9725
4601
5959
3842
6471
2701
6959
1679
9315
2424
3333
3838
315
6948
9148
8682
2365
1960
2538
7190
202
3618
8279
9721
4616
8569
1792
7155
952
3401
6288
467
3387
2909
6896
2150
3325
9185
9313
2029
853
7413
5248
6368
1166
6375
9764
3377
2147
2873
4445
7074
7037
1714
6359
4954
9651
2510
6681
3360
4502
2388
6407
8276
7441
7512
7689
1460
1694
2447
8003
6575
1892
1550
809
175
9440
1803
5061
8983
4968
588
3640
1693
1778
101
5985
5397
9499
9719
3554
3197
4778
1703
3713
4783
2457
2266
9116
2261
2987
3090
6571
2497
6407
2916
9967
1446
3287
1637
7867
6442
6030
8027
330
659
4663
1402
9483
4723
2467
5602
285
3601
868
1914
9003
9127
9546
5251
3175
1591
7095
8873
8756
6120
3093
7664
3741
9365
8862
7521
614
3240
5279
5952
469
4404
7307
8722
6737
8053
244
7454
7414
9121
4835
5746
4006
4648
8590
7862
3372
915
5770
7727
4090
4774
-1
7569
5307
7764
6241
9999
6066
4215
4830
3155
8665
6908
6200
3469
3508
7951
7304
2025
1174
2148
8707
4512
4268
4738
5416
4734
9145
9443
552
7575
984
2784
5420
8721
5874
2256
1315
2668
7595
5957
4755
3637
8802
142
9778
6248
1976
9874
8732
1571
6681
4453
9261
4159
274
3881
5735
6497
5212
1246
976
3207
1108
4800
1960
726
6245
-1
3051
7152
5573
7570
896
2258
7304
1403
1293
6930
5256
1579
978
3430
3666
3260
1449
7125
7282
1144
9934
7697
3717
3534
3480
8423
6178
2522
3936
4813
712
1976
8793
4629
7242
4867
7978
5426
6325
9839
6699
6004
8662
4964
278
4246
9593
304
335
3938
931
7520
2985
7429
5446
2626
8800
5791
1270
6558
-1
7712
5990
6920
9996
788
2956
766
8990
6218
773
4900
1843
406
9196
1710
4089
2432
2950
2123
2410
3043
5470
731
9108
4077
3147
4861
2174
595
7294
2439
152
4418
5587
2907
7609
4021
3017
8861
2701
499
2512
7905
7768
7589
6940
1064
2852
3399
2006
7524
6914
3246
8057
4077
443
5894
4928
8129
845
2201
2549
2554
278
2206
6848
3902
8342
6241
2050
9893
7138
8257
9462
9227
-1
3507
4044
7077
9623
9917
8311
3006
7370
758
9585
5589
7969
79
9596
576
2180
9985
3102
5440
6271
3339
6350
7214
2732
2024
6090
8669
7472
9515
6980
521
6168
9764
2473
5629
9943
5266
6385
2092
7867
4503
2071
1044
8971
9035
3434
3137
6559
9725
9987
7462
8744
9570
2016
3584
146
8456
8106
1589
1464
9807
1311
8492
5210
4107
6584
3627
1699
5914
6327
8569
2846
2385
7256
3629
5305
3754
8406
7749
6306
5195
7977
768
9955
5380
7498
5239
5236
5544
5130
9800
6588
635
5366
8781
9529
7340
969
905
847
1500
236
7996
602
539
729
1450
6670
9395
4113
8828
3285
9488
5335
2495
4329
9764
9144
8025
6988
8402
5459
9774
7519
2973
7867
5083
4659
3933
8786
6099
1325
882
4949
839
9856
991
7097
7111
7541
9426
4072
8110
7213
8738
8927
1007
1294
400
3776
1125
6121
8285
4591
4437
9079
9868
2589
449
1855
6042
7003
2247
8451
791
8051
8946
8739
191
9202
7847
1659
6196
4443
2268
727
3039
7695
3862
4846
4775
4755
5473
14
5841
7479
9446
1142
5977
4651
5953
9984
115
5090
2268
4336
4675
4496
5747
1204
3548
2657
4925
5703
9073
6103
2890
3576
2788
9150
1434
6075
8170
7433
266
8765
4950
6110
1406
5388
507
4480
3151
7937
9862
2345
8205
6761
9985
3813
9368
3110
9897
9940
9112
8428
4741
1146
480
4065
1095
6541
6747
5693
3853
313
6898
5170
5338
7233
6736
6346
3456
3256
1746
5640
4425
6501
9786
3173
2314
3829
2134
9281
117
7072
320
3850
148
2481
2400
5113
9962
4760
3101
9514
6481
9589
4358
6168
1031
6008
7145
6770
7540
2924
4928
7362
1891
7943
6388
2937
3938
5881
4893
7163
5094
6413
9668
5999
9657
6039
5804
2013
3889
7060
2947
4363
7775
9323
8313
5067
3597
1997
6971
7547
8786
3808
4896
6002
3516
5063
7837
9534
4782
6294
4175
5522
9398
2771
9875
8218
9667
8392
6562
9469
7613
8793
-1
6897
2906
3949
9317
1415
7352
7395
5192
1754
3051
6119
9459
7721
5847
1255
9203
7633
8163
164
835
4145
8325
4194
1141
8875
102
5625
6772
9778
4944
1917
9592
3320
7501
2466
4638
6451
9176
9545
5989
404
7261
7055
503
4671
2270
8293
3012
2064
224
921
9738
650
8309
2751
3863
2333
6108
2758
9174
5326
9768
2635
1389
3074
4294
7648
9016
4495
1584
2048
9191
8087
7844
8762
9398
5947
1682
6408
9606
9407
2048
5635
5619
4048
7789
1203
9668
4455
8443
9902
7836
3382
4058
188
2401
1488
8929
8220
8747
2316
5988
4970
1865
89
2100
6779
2890
6852
2381
7625
8242
3935
4221
8232
7047
2993
1558
7824
1879
4163
2375
7795
5470
8095
6883
2469
1779
3729
-1
6918
2971
8558
2681
1493
9624
6160
4001
335
2623
6604
6482
1626
4746
8121
3099
6477
2766
6375
7835
2375
9932
7410
8366
9263
6479
2775
5338
6705
8506
9966
8660
7603
4890
7767
2621
3085
9041
1929
4272
6646
9412
2038
4773
6448
3378
7971
9782
6216
5993
4011
3877
3883
5090
5015
4805
6315
2905
8460
7022
1849
868
6382
8307
4062
1538
6142
6326
3131
7897
5868
5717
5989
1516
8878
1322
4461
861
826
6845
1260
1798
1613
4750
3481
4938
2214
9068
7644
2904
3478
1186
305
392
740
2626
4275
1576
1141
2646
9399
2030
3708
6225
1253
1335
8274
8424
3991
3307
3099
6220
2012
7857
256
2140
2221
2865
1907
2859
5167
248
6968
4705
6913
2784
3446
7312
6562
2518
1515
5932
6406
9884
6938
6815
4058
9923
8293
9437
5139
4838
7293
7233
4709
2016
8813
7856
1343
6347
2457
5206
1079
-1
1595
8040
2002
776
5429
6695
32
5871
9824
1100
9480
8085
3688
2944
6673
862
2832
7413
698
6069
4835
7781
7076
957
9264
2860
1996
7
9019
7273
3154
8736
2273
8784
8768
7266
4082
9238
6548
3402
8286
6287
4353
7894
6930
7452
2975
8156
386
6665
369
7978
6700
7179
834
2643
7148
2323
956
6843
1892
156
65
368
610
6601
8371
2665
9705
1807
1
7650
897
7095
5406
8264
7422
5809
1344
7286
3391
4598
6249
9074
2564
3285
5994
3385
5968
4532
5987
5637
5153
5578
1571
2760
4650
4414
8752
5696
9466
3383
9066
1297
5162
7241
5241
1072
3077
7460
9406
5724
3299
7625
2599
3254
1572
8136
5068
6226
1764
1311
4643
4158
5937
1206
1450
2898
3894
6273
2924
6398
440
8060
6684
8805
9674
9147
210
8564
9475
8831
1247
6252
5291
9367
9732
8299
8621
6477
2174
8058
9291
67
5030
4398
3931
8912
8761
4475
9332
7344
626
4203
4401
2318
8652
6934
3946
3247
6362
8856
2614
2896
6914
6906
1234
7195
2131
4409
9867
4757
5243
508
4960
8801
8022
7596
773
5133
9563
3196
4854
2345
6695
1320
2753
6822
944
9607
7845
9710
8132
7351
1236
2277
2258
959
9337
353
729
8447
7090
6321
8531
2635
2644
6137
3619
5913
5884
2479
3204
1254
4470
6193
3201
4050
3455
8233
3664
8324
2072
9392
7924
2907
6677
6526
1919
8556
1449
3547
1400
1906
6120
6112
6192
3197
5955
2647
6903
9592
8535
592
8512
3671
9585
7885
3654
100
6269
2930
3114
2473
5666
2454
9302
7619
2634
6056
-1
1728
1780
7190
6413
792
7079
3435
4567
8619
189
2792
5839
8206
8608
7688
7865
8206
6812
6550
6056
8850
5901
3171
7823
3947
9891
8956
7578
1837
7614
9640
8549
241
3274
8613
6021
4574
1564
3075
2942
814
9171
3516
1505
1188
4748
6167
8204
8774
3739
6515
999
1454
8928
783
2203
2280
4617
6238
1942
6245
3810
4763
5014
4920
6782
3985
6011
6538
6937
4478
371
6038
5362
2474
8295
516
1849
2648
478
8888
1010
9921
2871
8575
87
9462
4135
5802
9671
7610
8497
7769
3904
962
118
2055
9172
3175
2742
8719
3423
1235
2707
2117
7809
5491
4689
6137
2957
8778
9928
7845
9439
472
4238
4175
6782
7209
4049
9899
2846
5864
6792
6886
4727
4225
6786
2923
5105
5857
8765
1173
2713
7024
323
5869
7859
9643
4226
4276
2551
7834
1371
1977
5319
4351
4936
6315
4684
1941
728
468
4930
1075
4722
6634
4392
3363
9787
2739
776
7617
5067
9001
7340
3522
2635
5543
3032
2824
9498
8071
4760
5581
266
4742
6495
8892
1133
383
2268
1802
954
9414
8734
4183
2624
5398
4741
3358
5601
4148
8477
2267
5028
8278
5214
4091
4787
81
2757
4597
4479
3789
5770
1783
5152
4205
8251
9675
1272
3954
1757
7211
6899
3567
1998
6339
465
3245
2489
5913
5376
3150
180
1302
8625
4618
2745
5815
4123
9159
9665
6555
621
6444
8852
7532
726
5495
4123
4325
2229
7862
2006
3672
8299
2516
5568
6508
397
3237
3515
4848
7175
5864
9698
3719
2261
1203
5409
4180
6977
3369
6727
5388
1920
6383
7401
2819
6873
9724
104
7001
9548
4990
2605
2167
4040
2671
5541
2825
7638
3943
9008
1088
5716
3420
5998
6184
8947
7371
9414
4861
3249
268
5616
1753
8237
7066
1965
4474
8520
8197
5633
8993
2855
4594
7923
1757
77
1187
4206
6866
1425
7726
8463
4535
7496
5973
7651
9323
6409
6104
6874
2853
6028
3017
7892
590
6149
4559
6115
7552
6559
-1
3885
5264
213
7938
937
7042
2453
9401
5057
3569
8550
7272
9653
5505
537
9264
5488
6672
4814
9318
121
6503
5965
7612
186
6655
3083
3823
476
3178
122
7104
3330
3072
8719
9779
9511
8963
2198
2056
6499
4728
3294
7386
6114
8603
3249
8439
8023
4370
7278
1518
8066
122
4627
1150
3698
9269
9418
7432
1113
7055
7972
8094
4796
8665
5262
1043
5157
3394
8894
792
4391
4311
6878
6697
1364
8288
3076
6225
1540
9716
5889
2552
3387
1682
4478
6250
5831
2840
6493
3831
4717
7332
7182
9119
5855
6989
2368
8093
9970
1630
7052
8378
7327
5554
2041
2419
8259
1373
2972
8393
1140
1479
88
8845
197
6278
7445
1894
3298
3528
9008
5595
7464
8950
3280
1155
8131
7032
1936
2161
9524
6846
7547
3415
1220
2756
3789
3823
4504
976
9984
4694
7347
1078
2442
3501
446
7828
7049
332
6631
9240
1152
9208
2059
4431
2052
615
4908
3488
1146
7687
8743
3879
5684
5915
6657
2799
138
9439
1162
9894
3164
394
7848
3003
8072
5624
6702
2619
3283
636
7588
6611
5325
8396
2881
2419
2656
3055
5033
2900
8815
1478
784
939
270
1391
4422
2046
7269
4851
8067
8247
2132
5904
3177
7528
5100
1239
9331
5204
789
819
5278
5924
882
8652
7642
5054
415
1878
8269
6701
9775
2953
3478
8805
6906
5020
2587
8146
8716
4481
2484
968
1680
5878
1010
2357
167
7563
1652
784
5321
1332
5250
5976
2571
8258
9611
3315
4435
7784
9943
2197
4826
3978
7036
2886
9837
2842
8675
1373
1202
4817
5015
7305
7214
3616
2774
1442
5142
7136
5106
9756
876
2330
6311
3787
3283
1504
3056
6757
9816
4121
5295
8717
950
117
9686
707
7140
5610
1441
5238
8898
3812
1066
6078
9184
9893
6242
3153
4924
7957
2676
7570
8836
8177
6653
134
9946
5877
3808
3885
8079
5632
5920
2653
8757
4551
7284
8631
9242
2513
9022
733
6859
6565
3219
651
4753
9407
7285
7761
2235
1220
8158
5831
1042
7163
6662
9999
1466
3868
355
5963
7124
1597
2760
7250
1576
140
5025
4380
5174
5448
8400
10
4120
911
60
7286
7879
1064
3701
3200
4521
9776
2012
4269
5464
8263
3211
1850
9448
6817
841
3352
7555
2372
3932
3741
8616
2356
3039
9351
9924
9873
3099
4228
2183
7722
4588
4854
1118
7410
8492
3750
9260
7698
7755
1071
3345
9677
1475
5853
3905
1061
8389
877
1748
60
9359
5302
8908
7476
427
7206
4991
5738
3633
1590
9137
5829
3612
7490
5106
951
2216
3596
1979
1037
2970
386
4432
9648
3705
3023
7288
3318
279
2322
4682
3275
6608
5039
5797
7937
4233
1940
9637
4151
6993
4423
3272
781
8192
8207
945
514
8562
1303
1310
9045
3421
5163
621
6243
505
3936
4827
6427
5353
7717
9931
2062
203
7987
4522
6468
2832
7532
3671
3397
5783
8897
1250
377
1388
3135
417
4497
8764
1489
9585
7140
9487
5628
4661
544
7768
2451
3100
9217
5668
6775
8552
3212
2090
425
5716
1151
7176
595
9229
1222
6684
5006
3777
27
4513
7868
4165
7869
5798
7382
9569
3657
5654
1675
3840
2456
3270
7004
4030
4971
6143
3308
5831
5802
5219
5712
9160
9552
6954
1627
6890
9271
2056
9162
3850
2027
9058
4665
9613
4521
9380
4675
4871
9373
7103
8902
4551
8847
3841
3910
4002
5613
1655
-1
7490
5389
1850
3156
7653
409
7434
1343
8523
905
-1
8844
7826
7645
1503
824
7379
2061
8214
9087
1204
4301
7872
6706
4222
3427
970
5452
1793
5432
5911
5929
6667
634
6384
8100
838
8035
1912
8925
8881
8230
8066
1036
6888
5660
-1
6685
9785
5676
529
403
3298
7241
9978
1602
2368
5593
9585
1494
600
1528
4460
9293
3955
7254
5481
5561
6522
3565
4789
8805
5536
1520
9646
4065
3106
5752
3546
7592
4194
8095
9403
2451
8031
6747
3770
2722
6467
1357
3637
4831
6246
6077
3880
9565
9111
4886
7984
8204
3170
8026
8629
2333
6025
964
9299
551
9926
2720
4277
9033
5987
1064
7658
3871
6320
2364
377
3985
5554
8750
230
7035
330
629
9985
6479
5228
621
1826
5179
1983
9407
1376
286
1431
5940
9694
6790
9902
3133
9905
1812
2592
1015
4090
4556
6113
4781
8813
8004
2045
6546
8357
6109
3069
7555
2802
7076
8384
2680
8584
9967
79
720
742
8901
9951
2232
1059
3165
7943
8821
3330
3720
5430
2162
9795
3778
1017
4682
7353
9838
4465
5064
9708
5691
5388
3112
7433
1865
6366
2531
6634
1782
972
3747
8857
352
830
7942
1329
4664
3960
2690
9091
4798
4112
6405
4984
2410
6587
5160
6112
5866
9334
3002
9227
3387
8341
5192
1416
821
6544
7538
8795
1116
9381
530
8981
1162
9543
5557
156
9689
6823
596
1934
903
4363
5551
83
2392
2770
2465
8808
3170
9544
193
4506
9998
2611
5306
806
4267
2179
3352
6447
6574
1713
7195
9740
7357
614
8986
118
3875
6693
8662
7013
6757
7708
9891
6719
9557
6721
7726
6313
6285
4682
3414
2696
3814
1826
7651
9616
7483
8306
423
8091
2323
3037
6890
4169
5071
6831
6496
7936
1418
1992
4187
7945
5855
79
7090
6438
327
7376
6603
6184
2870
8717
637
8255
6503
2740
3389
3860
3510
4910
7521
920
8202
4876
4528
7824
374
3233
682
3991
9862
5046
271
4220
3713
6050
3373
1285
1667
6969
4025
9587
4636
2453
351
1867
7724
7968
9689
1612
3743
6535
9008
1017
8094
3252
2160
2968
5795
6527
706
7939
5048
3729
7345
8157
8332
4676
2618
5837
5596
2780
5487
301
2781
9265
9688
5883
1719
9327
4055
504
9902
395
7784
5452
3425
8278
3025
8472
9010
8656
2271
3332
7438
2076
3632
1970
8273
9664
7162
4073
7852
5300
2600
7069
813
3131
3722
5182
4202
5398
2174
4540
478
5627
9452
9844
5383
7866
189
6869
9002
7672
8051
275
357
1730
6420
697
1373
630
2215
9239
5328
2117
4456
8005
3901
4869
1220
6493
6712
539
6877
7212
1393
1977
6505
9082
2702
1804
700
8816
3979
7870
4072
7450
3197
9929
9215
783
6138
8807
1874
914
603
768
6010
8314
962
9704
1060
310
2602
5317
5394
2827
3138
9928
8598
6926
2137
5061
4847
3227
9160
8850
6394
765
1286
9498
7365
8876
4776
9733
1572
3109
3337
9649
4814
7559
5393
6661
1679
3395
-1
102
4394
1981
7528
7152
7075
4068
35
1458
3756
460
3490
5948
7977
4715
5892
8279
8016
9305
1171
9396
4168
5644
7258
9812
2815
155
9236
2136
9882
4230
8721
9625
5142
2192
3904
2784
758
4689
8365
1107
9006
6014
1198
1236
9295
6241
5539
3981
7110
5889
6702
4158
1744
543
6811
1174
9501
5563
7392
9947
2520
7945
6111
7762
3598
7187
6199
5569
5990
1229
2570
2393
9028
846
3568
8088
4969
8531
6908
4534
6041
2354
2283
4712
2899
1143
9570
2219
6112
4732
1997
7069
3128
6275
7023
1885
7145
1519
5191
3390
2645
9226
1741
7923
4540
5757
2539
8812
2113
6553
7230
874
803
1737
5321
2479
7355
3668
5263
6311
517
2281
3258
257
4857
5378
1138
8020
3397
286
4955
9401
5379
1708
4137
5063
951
9577
256
2493
694
5189
1710
2621
8608
5984
5111
8596
7031
356
6193
4211
201
9586
1838
9430
838
5343
927
6042
5833
2284
2610
3069
8404
1175
1959
6918
2876
2977
1711
2158
8063
8180
9516
3431
3068
7790
7885
2568
936
67
734
8845
2793
6358
5934
1852
9714
5472
4386
7989
1470
4190
1797
1025
4095
7987
931
2503
9284
3833
8479
3127
924
7893
2223
6724
2173
1463
9991
1720
8242
9468
6907
6641
1080
6458
5218
2729
8877
2028
5302
917
-1
9375
8327
1753
1690
1843
933
6481
9538
9832
6271
3248
7737
5991
5606
6565
6015
3536
1823
1022
3509
8042
3926
2754
3253
7061
878
4887
4894
2720
8842
1232
2307
2171
6082
992
6894
4350
9064
8927
3311
3466
3379
8798
1762
372
1304
1337
8070
3461
8874
7541
2384
9545
2924
9792
3637
2435
2322
832
910
3031
9979
4358
770
6437
2771
4855
836
6859
549
421
5786
294
290
2009
2994
2035
7798
3382
713
4116
5
8129
4061
1296
4170
4319
9692
7828
7841
2055
8187
3144
2219
5482
6475
3130
9711
7013
4467
8213
-1
6619
535
447
6200
8503
8181
4907
1006
8333
7246
4374
2659
7582
7877
8670
26
7032
322
572
3674
1349
8841
7456
8129
3915
6994
35
5990
7429
8330
9929
7306
8500
5094
681
8073
4801
4945
2186
6356
530
4830
9958
8438
5023
2804
5893
492
354
2379
3127
7489
4189
6562
1919
7421
5987
2214
9763
1729
6539
5845
799
116
7601
7221
9441
9710
9384
4609
957
7873
2482
6144
6055
499
9586
100
355
2702
9727
8448
3134
4111
2104
7554
4177
2534
3943
6740
3979
2957
437
7932
3951
3223
7845
1167
4718
1498
2291
6219
7252
7030
6694
2931
9813
2332
4424
3462
2042
7337
274
3250
3859
2352
6166
8337
6580
6976
5544
1641
8202
8091
2147
3029
3976
2214
3566
5840
853
9962
4969
6378
7414
9173
9375
8087
6532
7236
3208
251
9523
1330
9747
2244
1523
1818
7721
-1
5014
5289
1599
5358
516
3887
698
2609
5377
3948
9254
2288
5219
4554
4560
1930
727
4917
-1
5788
733
2581
7126
3033
2021
1880
3282
7582
415
7438
4537
6978
4467
3877
1182
8795
7948
2870
4080
3186
2119
4856
9246
3362
2693
7167
4881
5545
4269
8651
2747
3516
9184
297
7117
1335
717
5988
6632
8989
8350
4551
7109
5775
4807
8731
5562
4035
6985
3421
3270
1515
4836
1594
4078
6816
4562
4393
2368
8855
4377
943
7046
7771
8248
412
2196
1527
3722
3207
1298
4847
2541
7948
5440
2498
1052
7467
6841
9054
8170
9145
8039
2307
3232
1650
5754
1215
2271
7105
1796
188
3423
4430
911
3391
8705
741
8219
3268
2447
3326
2566
1425
442
5230
6665
5520
2689
5441
398
8441
3167
6443
2376
2235
2982
1363
2584
4648
6810
4462
1904
2983
2487
5007
1659
5315
3050
8191
8787
7629
9466
3485
5262
8533
4233
3979
7936
2074
-1
4075
1507
6286
5562
4526
4098
7057
9907
6667
3842
5641
2100
5276
1798
9742
850
6812
-1
2061
9746
3233
3682
1413
9685
7959
9820
8415
2162
5059
7180
6924
6860
4002
4288
9279
5353
769
8447
7587
1234
7660
9776
3560
3663
455
4008
7749
9989
2915
340
1488
7398
7674
3077
1513
4610
7094
892
1867
263
6784
2984
6003
9772
2301
9997
7165
352
2353
5864
8919
7974
5799
3476
1600
1929
8045
1004
7524
1829
880
9086
7105
9514
6450
6583
7608
3858
134
5636
3384
8088
4853
2425
3027
5328
7923
1769
3682
6450
4906
1055
5907
8935
4467
6713
4873
4627
6257
7536
2769
4945
9279
8394
9193
5308
2150
4719
957
2976
230
1195
8602
8874
201
8868
4439
7414
8049
419
1054
6150
4423
5671
6829
348
6850
2909
9801
1736
7698
9854
1148
9909
4453
8159
6561
971
8539
5091
8502
3931
1785
1079
1576
3009
7608
9745
1855
8434
9527
8063
8488
201
1155
2872
5044
1549
4012
669
4594
4207
2858
6780
8174
917
3476
4350
6593
3119
1798
4449
3880
8609
1038
6842
1553
1041
2242
4228
3004
3326
2007
4471
4436
8706
4980
9508
3332
4042
6439
9466
3737
1287
9921
1785
107
6645
8988
8613
3778
181
8587
6401
8753
307
6486
2043
1255
7225
1543
6858
2138
8812
8162
6633
8164
9774
9455
9238
4555
4568
8387
9868
1531
2262
7468
4972
3297
8221
6408
8414
9366
264
8786
8742
8779
623
6990
8406
9145
8246
2412
2822
3398
4426
7463
8944
4503
9865
8648
3102
2086
2217
6746
1100
9977
4189
1329
4290
3900
7259
344
2125
923
6989
681
7868
6021
3787
1585
5069
3791
5034
3264
-1
2730
5939
2422
1624
4441
7022
8959
197
8418
8524
1849
3371
501
8818
3765
2603
3024
3413
9364
7981
7368
3689
2619
4254
7442
6209
68
8227
5454
2121
4423
893
7882
3823
7994
2440
1433
3767
7685
8408
7074
9118
6009
3067
3455
68
3563
4969
7385
-1
2371
3234
9834
1771
8355
2382
2600
5750
614
8882
6223
318
5112
4692
6924
2311
3222
4649
9298
5771
598
9578
4571
9285
2304
8166
8229
6813
5831
8723
6772
34
5813
2660
1207
9195
3476
3251
442
2790
5786
494
4889
9305
8426
4352
2252
7810
9265
7489
4798
8523
7483
3115
2837
778
2623
753
7848
8148
9360
4325
8135
4423
5587
2863
1297
5837
7534
9492
2015
5351
7617
7117
3328
2041
3715
2195
3067
1402
5593
6498
3091
2434
1702
2928
261
1058
5056
1377
3807
4111
4300
8916
5015
2494
5728
7558
8252
2653
4336
6520
7885
8911
2007
4252
159
5762
2295
4210
321
1101
61
12
541
3142
9912
6105
620
1473
4997
8990
2276
940
9247
9048
4129
7038
6100
7126
3085
6466
2245
4025
1427
5949
971
2399
7244
8016
9769
2578
772
8353
3335
7934
3293
836
557
6852
8097
3390
7319
1807
8057
1433
9789
9474
7278
2595
310
8676
7652
345
5255
2023
584
2269
1474
4158
375
5866
1449
3984
5544
5074
2650
8777
2886
2984
3700
3419
8498
4860
8414
6495
1943
3777
9216
4686
8369
3959
8845
6215
253
4897
3342
3484
1021
6744
9519
1738
2495
5049
2554
8191
8040
1771
5479
3379
4237
4191
1235
9757
7563
5635
1985
5448
6775
3070
3076
9031
6540
3189
8945
1862
8301
6919
6031
5088
9648
4341
8018
1452
8460
2157
5507
364
2179
1973
770
2521
4530
7726
6322
38
2918
7098
1420
9719
9778
7411
2515
4314
4570
2352
5902
5392
4672
9079
8914
1646
7569
5360
3833
2514
9416
3013
3426
1415
8806
6932
60
9913
2818
7588
8547
8004
720
7153
3676
5031
2400
9606
9547
2231
6970
440
8114
1411
2229
4223
6735
7321
5853
5698
4086
1304
2280
2289
450
7274
1095
9928
3340
1819
7475
2223
7879
8512
-1
7754
8097
2804
2372
2140
5160
4761
3142
4349
4580
360
5323
9860
7910
3294
1355
904
6240
4399
2210
2647
5676
8054
646
8311
4638
4411
1140
3339
3069
2708
1876
5345
3105
7712
5460
3629
8262
9490
4937
1228
9514
1553
9440
6631
3472
978
1878
6424
511
8282
367
4031
2219
7213
6492
7301
7147
8233
8312
193
1522
3481
6188
5657
8882
9302
4487
5381
3094
2838
7687
2181
437
7356
8758
3153
2377
2635
7953
9451
871
9883
8690
4639
7791
3204
9321
3001
76
6040
4538
8678
2231
450
5666
5878
1939
8276
7622
9759
6258
651
9697
8667
6050
9946
7404
8463
1521
7363
4823
2820
3298
1593
7553
5403
3872
1974
2451
6507
516
5529
4030
-1
51
586
6132
745
2692
7124
8302
415
6272
7827
8204
8609
5198
9675
6855
9819
4669
5996
1806
7371
6388
5318
104
3242
4186
5525
740
3755
6735
4534
6702
2041
776
3798
2340
5754
9864
1800
828
3946
1280
5020
2542
1401
9489
8176
9971
9123
509
3458
4228
1724
2933
7386
6254
2433
937
3260
-1
7992
4657
6073
3993
9000
578
5365
4402
162
1510
967
75
1753
7200
9275
5820
8143
1414
1401
2947
3453
2814
9303
9283
4734
1625
4242
2589
8828
7986
3527
3127
8518
3388
533
3487
6248
4391
8037
329
6709
2587
4699
311
3374
910
812
1935
8719
2015
8161
6879
337
8593
1100
3828
6784
5875
1302
8400
4117
1432
6855
7926
5197
7153
5544
6259
8890
3707
1839
1034
6472
6317
7473
9717
1150
2169
3566
7511
2644
7163
3313
5470
2408
7089
3307
4417
7285
1828
9473
9627
7679
7808
882
3773
8204
7317
5211
7808
5658
8687
3231
9042
2101
-1
2979
7115
5681
7311
2078
8842
9555
8906
8468
8753
8612
5361
277
3365
6106
3299
8337
2947
53
7954
7263
5932
8199
1995
9149
6009
914
4109
4199
7408
7018
8926
3407
6013
1767
7185
4339
8055
5783
3446
934
3480
1653
1502
801
8840
746
1580
1959
1240
9854
8324
3009
8119
5063
9734
8193
5740
8341
3781
7942
4698
6537
426
9110
4735
3267
4593
3115
3489
5303
6424
5110
3669
5788
5188
851
4158
509
4405
9942
6471
8755
9513
5263
1686
2677
5148
339
9704
5389
8470
5953
6588
5322
3176
6268
8766
9880
6492
6258
8423
3523
9339
4893
279
5307
7566
2142
7353
1280
579
501
1027
5152
2311
7155
4924
9983
9740
582
8901
8139
3358
8328
5663
5598
7104
6713
6960
7399
6395
2884
397
2963
3731
4824
7147
4939
4494
4163
3642
3272
8840
2855
1629
9711
285
9616
1109
8991
7200
1451
9377
8514
2599
4593
8271
4835
9975
976
5535
8933
6004
3179
5823
1102
9610
5177
3569
4661
8932
1699
8301
3608
327
8641
2824
932
6270
2313
8480
6542
1718
7991
94
7207
3888
1688
3840
5058
2341
5851
8697
3462
1831
8504
4915
5220
4143
4726
635
151
4810
1825
3094
5364
8636
3338
9446
4875
1653
8040
4490
4004
8631
583
1436
6987
7379
5118
2616
267
3118
472
8355
6202
6803
5413
6253
3743
768
4706
4026
4719
6085
6992
6734
8268
8464
4837
9505
2716
3352
5135
2647
970
7710
4953
5326
6607
7071
5948
7370
468
4519
6712
5959
5215
1215
8189
5147
248
8286
608
1594
8605
2775
1722
2825
3505
5388
4687
8338
5848
3352
5746
3680
9905
7626
9229
7385
6104
9027
6961
3256
620
7064
4400
686
763
9071
2698
3911
2021
7369
5975
1467
1969
3967
4867
832
338
1309
2214
7594
8144
837
1402
5257
59
4323
8439
5103
1179
4770
6269
2967
8244
2653
1176
4209
6639
1191
7368
4224
5530
9146
1700
9513
5687
7415
439
5085
2063
6810
9517
1663
9907
8269
4263
6540
3666
9829
8840
1799
5552
9791
3792
7023
7421
1075
2475
9684
9814
2900
9730
3624
9422
2144
2046
7141
9132
5764
4329
4879
8792
6546
8168
9791
3965
5421
352
1572
9767
7299
6465
5978
5686
4276
7858
3138
9095
4445
700
6512
8803
6488
2044
693
8394
5323
4922
9581
3675
2181
441
1123
6400
6526
915
9325
6447
1586
8927
705
5885
4001
8336
-1
4560
5794
5437
2385
733
8802
5387
4380
1452
6130
7113
5864
7501
3500
7504
7356
8051
6125
6252
7941
1684
170
3662
5016
1759
3261
9766
7267
7672
6935
4857
5755
1050
6831
2807
2071
6721
8427
5926
9176
1602
8826
2155
4423
5443
7667
6873
5079
3911
9780
6643
3413
4573
105
2156
6731
3639
5872
160
1006
5520
203
3356
3443
8193
1618
1253
5534
9356
4700
6848
1030
7830
7233
7260
261
8926
3468
2783
2736
1541
2006
2864
1605
2608
5027
5342
9904
3266
7782
4247
8913
2430
8919
8087
1539
9755
5928
9718
9627
6341
8904
4259
33
9026
9993
4477
7377
5568
3551
6218
2654
1592
9205
6469
1176
4110
9068
358
4481
9232
1223
4698
3772
2747
9982
9980
3032
2490
373
9718
545
7660
860
153
2339
8940
7167
4873
6568
9836
1158
9561
6426
7073
9206
9213
5939
3351
4558
8316
1238
1098
1429
356
3477
2005
8775
3771
8807
550
1772
1133
6652
4602
1588
7566
2819
6570
9410
-1
3885
3740
5592
3161
2529
846
7713
8177
1677
2563
2183
3006
7073
9949
2000
1397
5453
2145
9977
1913
682
2747
4862
5969
8464
2281
2484
1697
7013
3473
5125
5900
5067
3610
4093
5070
1136
941
2393
2811
433
9979
6079
2939
9812
7731
2999
537
5404
4526
2023
6828
4836
9299
402
8609
9293
48
3809
1961
8425
8420
9771
2539
189
3148
7498
1284
451
2881
2251
8858
2585
9431
7052
4827
1346
8197
5537
726
5781
7512
9612
9310
6623
5339
4437
6569
-1
9514
6487
704
8755
2670
3108
4038
2444
3064
3731
7662
2895
4075
5005
8722
814
1400
1314
6741
7372
1164
1941
5800
2295
1750
9661
4708
5851
1597
9728
1883
3838
3892
1517
2979
6461
1041
4766
9805
1953
488
6026
9373
444
2931
5921
9926
1352
2652
3564
3895
1464
7476
1491
-1
9803
9890
6947
4372
8560
2514
9771
1290
3993
3789
2149
2842
1925
9245
6484
4565
756
7101
4614
9632
8436
7842
529
3550
6828
9292
3754
7693
3321
8464
7991
2059
8745
8312
3977
3666
1327
6794
420
5608
5276
7375
297
9744
7884
705
4765
6574
5401
1201
5181
6013
3376
8640
103
9083
1634
-1
659
1363
4180
1883
436
108
9245
5917
2463
2502
3297
7273
3760
6779
2211
1383
4032
5911
2534
9669
5149
1551
8102
9784
6919
-1
5075
3606
501
9806
1029
7656
9001
8260
6898
7895
7286
8878
4868
9394
7428
7946
1998
1027
6637
2546
3130
109
3274
7744
8015
4169
3484
563
647
5808
5266
5665
9120
2988
6981
-1
6737
1240
7713
7692
6375
2437
3770
8678
3753
7372
7769
8129
4550
1975
5402
6389
4990
8051
739
7387
4006
1887
2074
8102
2037
2860
8289
6600
2091
654
7331
3192
6089
4545
612
6261
7189
7557
4321
4302
7057
1654
8338
1689
4085
912
7862
3052
6591
6443
227
1433
3984
7999
5600
8957
5812
4799
9996
1593
4888
2796
556
4382
2752
6737
859
7167
4311
9377
4544
4888
7504
3139
9211
9093
5838
3912
7598
2453
8690
3382
5438
8917
9994
3769
6402
1945
8428
6261
4949
5436
7747
3812
4614
5888
2207
6377
37
9698
7784
4952
4831
6290
5008
4561
5677
6046
1073
5824
4529
1390
8041
4217
8120
9628
3147
3077
1692
6228
9991
658
1232
983
7772
9501
2945
3054
3764
3841
6723
679
5548
7167
2330
615
3060
9037
7620
6637
2610
6071
1765
7650
3309
8757
992
5364
7937
1953
7674
6297
2251
9834
439
8842
3540
4269
1115
2812
6321
9666
2144
7753
8474
6264
-1
8153
5056
2789
7348
194
7778
4271
19
5152
5709
6277
3673
489
1521
5438
2663
9526
7632
8954
3062
9002
9175
4434
7189
9168
2542
7213
6654
7399
3416
-1
2084
9647
5919
929
3965
9637
8907
7053
9870
4500
331
5227
6466
9341
9031
9253
7980
7303
1077
5903
5493
2015
1272
9359
9604
7681
2227
2250
2106
719
6046
8944
8816
1628
1787
943
6854
4038
6076
8031
4317
9364
2023
3447
4615
1034
3566
7561
6555
185
6414
9420
8820
2419
6251
6262
7631
7096
9915
846
8155
3369
5635
2124
1388
6058
8588
6474
3475
4528
8525
5792
9209
6391
6972
6251
3392
3371
8307
5832
3538
5143
3565
8434
5557
3720
1466
9795
3064
3355
7468
7544
8386
4905
8542
5197
5716
4855
712
5673
7100
7927
4440
5137
254
5626
5457
9961
2904
9669
6326
2677
7124
2100
4174
8909
635
8228
6169
9454
6697
5087
5549
7578
8402
47
1807
2888
392
1571
8769
973
5699
6327
4653
9862
8720
6673
9240
1534
8611
3006
1669
9165
6734
2534
6187
6804
287
2652
196
7894
1690
6022
2600
5179
3336
6530
1648
9543
5131
1674
8569
9315
232
5042
7882
8359
8601
7364
6732
7307
7116
5883
3239
329
682
6050
3876
9384
4422
30
5800
7574
3553
1402
9910
4552
1687
2494
1125
7856
1921
6912
1088
6168
5817
9155
8874
7348
8766
5951
4579
3906
9738
6976
1907
4084
6042
6125
122
2374
1676
5561
1259
9682
9221
5240
1993
5672
8846
7126
5251
1060
4108
1286
322
8131
7949
7715
8521
7160
6086
5702
4065
5692
2308
9176
1417
2628
4340
2015
5178
8853
6750
9127
3495
6613
9445
6331
2234
8303
2892
8090
8641
1917
862
8797
3743
1106
4812
3209
4847
5009
7437
6774
7337
2690
784
6303
9239
8862
6246
4089
2561
3608
9238
7353
3358
9416
6571
8831
173
841
7491
4735
9615
4040
4430
2941
6327
4928
6946
362
5385
8173
1970
7844
7082
8231
-1
8372
4906
9007
5613
5732
1405
7085
5532
552
1426
9532
3554
8085
753
601
4989
8861
3167
1710
2131
1014
2687
7087
6550
6627
6676
1521
2604
1029
6998
5172
4181
6503
6318
7329
8538
3038
4023
7990
8293
2982
5296
7602
8222
6848
2014
4661
4724
4888
2889
5785
3841
8305
5933
3300
9613
9509
3228
1361
5093
2730
2877
287
4911
5494
4271
8922
7836
5984
2268
5847
7234
7514
3915
6459
8700
1869
3753
6244
1879
7689
8955
627
8957
5871
4439
5801
6013
7601
4813
1764
9710
8850
7570
6404
2228
5931
9127
881
8864
3475
524
846
177
8242
8129
3045
4030
7289
4212
1849
3637
2918
7873
231
2774
8645
2685
2211
2503
5559
138
1573
2736
2563
7019
4075
9841
1348
5883
8002
2762
1704
1456
998
-1
1286
1557
5297
2321
8142
1701
7709
5523
8886
6476
6561
8040
1025
1245
8947
2805
6268
570
3458
7483
3263
5149
4441
6101
441
51
6780
5886
1503
7888
8817
7425
5628
1421
2976
4770
974
4124
8341
7380
9788
6143
1660
1236
6683
3532
4328
9666
5535
2560
9794
4659
3009
3733
7249
8300
5286
4210
5674
8089
8177
9810
7850
7629
4159
5414
5549
1278
1323
5378
7469
3491
6596
2350
3991
5510
1300
2302
6576
4862
414
8171
4581
383
2252
7711
613
1637
1106
9877
6822
9954
1295
8521
1876
2173
2975
3112
6803
8717
1471
8593
9341
9248
6434
2100
3401
8988
8766
6076
4438
2376
2628
171
8397
637
4064
664
688
5948
6889
1370
2347
4794
3852
6856
7307
7958
4650
889
9472
4482
4663
3615
6742
7642
2738
5647
2669
6539
7009
6330
6884
6839
2284
7351
4910
6555
3239
6987
1896
5700
5632
9988
2429
3776
7661
6048
8352
913
6019
7129
8563
7545
4957
8220
7568
5433
2499
4430
7144
4195
8766
8152
6657
4438
2374
1614
2240
6242
739
3513
1063
1364
888
752
4541
5084
5847
1753
6235
4775
2814
5393
6900
4891
9682
713
2775
8977
4595
1001
6688
3044
4586
6433
7314
1001
1725
6655
4218
4942
9049
9446
1552
9029
7426
968
6446
9244
7725
9231
2761
1749
486
8522
9588
4373
3374
6771
3213
6093
8885
8852
2494
1757
6099
4863
701
1961
7675
567
3542
1892
3691
379
6613
2402
9448
2621
7506
8534
5300
3765
2703
3300
5173
8083
9729
1706
3549
8303
4512
7792
6257
2894
5366
4555
670
5928
2595
6939
1708
9492
427
6031
8228
9891
2819
5407
9933
989
7120
9313
7161
8139
5567
8139
4600
9147
7397
9763
5501
5173
6757
8841
5786
2576
842
4614
8950
9085
3273
5053
3664
7608
5486
1946
4404
3992
4561
3628
7809
4655
1084
3013
1016
5876
5123
1760
1912
3594
361
2593
9817
8525
6039
9972
8898
4903
3402
3462
6204
4351
2919
9670
9828
536
9524
3653
3029
7379
1836
3484
8166
390
4459
8196
9675
2815
9844
4470
7777
4855
7866
7119
4052
2416
5518
939
3851
8849
950
3969
1853
6755
1493
4436
8756
5392
2022
6944
4308
143
2351
3661
2557
4018
510
261
3753
4431
7315
451
6700
2706
2221
1404
1188
3634
7035
6514
5797
7688
6469
8938
6902
4709
2212
1735
5209
5493
8914
8216
8012
3574
848
5518
3581
4701
9732
9676
5922
9919
504
8848
3223
6920
7291
1936
7935
8689
4534
7891
9410
2381
2822
1356
504
2121
6315
9384
2414
8052
3531
2062
1111
6696
7970
8438
841
7951
6441
1948
4578
6057
4622
6112
9516
2721
764
506
6354
2080
2715
1070
8512
1790
585
1233
2307
747
3679
2535
8785
8727
9365
3233
8360
4427
3563
9818
7288
101
89
6885
7369
9537
4815
6814
5207
6389
9703
1648
18
9763
8433
5007
5624
8792
8761
5779
7868
8018
7831
8275
2902
7614
1066
6343
5729
2256
448
6571
8296
3215
2173
8886
2610
8218
6497
2261
7120
4594
8713
7541
4981
6654
6630
9219
1903
9208
134
9667
4131
8643
2264
6929
7866
2627
3785
4629
4670
9230
8026
2081
4405
419
9845
3561
2155
5152
9219
2961
5785
1057
453
5405
2456
2480
340
8409
4291
1248
7395
1953
6377
4052
9906
6022
2803
2964
7739
4002
3043
4942
8122
4209
932
4986
9031
4809
4181
7454
4771
5862
2009
8563
5223
2076
7245
6711
9943
6549
4525
8171
333
5622
3342
9689
8195
6153
1826
833
6219
2763
1743
4729
7898
6044
3569
7981
312
9766
7716
4560
2178
2253
144
7877
7223
3778
5156
4534
8256
6597
3940
6745
1423
1348
3338
2448
4170
9529
3311
208
778
9867
8107
1449
2990
9141
171
5100
5539
3375
5697
112
9746
5167
9413
758
1528
1792
6633
6604
3407
2781
4420
4648
6935
9796
9076
2997
3052
3905
2230
8981
9518
5015
2917
9467
5623
2164
21
4631
4203
5984
1652
7447
3849
7916
4313
4333
2437
3718
5329
6277
2698
5139
2382
2837
8794
6994
5822
255
1619
9269
6905
4898
1715
4639
1394
1140
9215
1104
4358
3926
6705
2991
295
4471
8705
163
7322
9894
1130
4901
3671
6656
3708
4899
5954
9975
5234
3435
4796
3782
8672
8308
4253
5851
8827
3491
9793
5196
8373
6829
6442
7172
512
8511
391
7431
2580
8737
3226
6956
7498
9567
1353
4388
5295
4152
5565
9562
7713
5927
2237
3638
8696
9912
1022
9850
41
4740
7957
9097
6715
8446
2695
4439
9484
1791
5404
3953
6735
4948
5112
1099
4069
1224
2808
5914
9116
6792
9874
9917
5835
7064
2124
7272
3584
1599
3879
5591
1930
3226
179
8473
7724
797
2710
596
310
8610
8806
1083
2144
9029
8565
7411
8609
441
8905
9851
2126
2055
1488
2504
2655
2658
6800
7237
785
6578
7118
6822
77
3658
4391
7479
5513
7186
8952
7333
8402
4370
4291
1138
6599
5737
4884
442
421
8630
1352
7091
233
8414
3954
3488
2667
366
2441
3180
3980
6789
5046
210
3437
5308
4343
805
6989
6099
4149
6720
1087
1215
329
6626
3979
9059
6402
3535
8777
5098
2300
7051
2012
3008
6211
3262
2020
1650
3157
4235
3234
9163
9840
8790
6723
3763
1131
5662
7467
7970
634
3117
9493
8610
3771
1600
8692
5787
9152
6233
1933
7941
4842
3705
521
9536
5251
1672
5574
1264
1060
9198
4814
3235
5296
4167
8165
7540
7209
9909
5601
3464
4579
9272
912
7243
91
5983
756
1512
3587
8547
2449
2037
6564
5506
8018
3311
8573
7731
5579
8798
9789
9011
7129
9691
3801
2833
4813
170
7718
2763
2286
6253
5559
75
4999
-1
5636
5771
6797
7890
4644
8368
5634
6227
7237
7480
6751
2780
7948
9966
8938
1520
3639
4872
6985
8113
3190
3635
9824
675
9455
7108
5720
5685
8534
5938
5376
5103
516
4435
7281
2724
3806
6978
4674
8962
3722
8831
2779
6664
3913
755
9111
5053
558
-1
4445
3240
1071
7768
4360
4869
3333
2285
3006
592
8863
6387
3795
9464
2303
3203
4231
715
87
9825
8899
2974
394
2883
7724
165
3771
4894
4799
8990
3290
162
260
7010
3333
2233
8047
3299
258
1325
7835
5924
156
6653
6646
9843
8619
8862
8340
5223
3904
1767
5731
425
4087
8906
7365
2812
5965
7641
5277
8559
2027
8744
3580
5075
8963
8802
6201
4389
9655
7723
9095
2193
4312
8255
2887
2323
6784
5791
5813
9741
4897
6059
7185
3686
2454
9342
8920
7148
1586
1389
1351
2706
4642
7862
383
8112
6269
142
3200
6096
7163
664
34
4989
684
2446
6672
8371
3228
7640
8643
9732
338
7948
1903
5365
6497
8378
2880
7323
9638
1509
9062
3897
1458
9466
2159
4577
9040
2130
3895
3153
9610
2899
8227
8847
743
5650
3226
1907
9038
8644
5564
933
7995
1035
5526
9246
3930
8909
2804
2856
891
7591
8587
3076
1948
2350
5322
4590
2746
6164
8067
7858
3305
3556
408
1549
6784
7772
8770
4493
1959
4727
6757
2550
5993
9344
3026
5192
2764
6164
7507
9062
9800
5165
7036
3312
2184
1906
3023
6675
2995
29
1344
8042
9173
989
2532
7646
9228
8071
3117
3940
4385
1039
6715
7847
2134
7695
8130
2921
8253
5672
1421
2397
639
4581
202
4382
4595
6493
9948
5186
3904
827
3088
7079
149
1998
553
5753
5734
7159
3257
9030
6205
3864
7087
1077
5387
5812
8089
2484
6646
9811
4503
3132
8865
2441
281
1314
7192
9668
8021
4164
7450
5727
9754
5633
6585
4664
7666
9527
7148
5098
1888
3370
3565
2215
7464
2280
2326
4186
6162
3530
7995
3044
1984
9981
4611
610
4447
2821
1714
935
7063
6097
6225
3763
5208
5510
8029
7768
555
6099
507
5644
1485
2453
6867
2345
7520
8235
2679
7664
9111
111
3503
4220
8620
7927
3250
1035
8769
4508
7223
2260
6029
2673
1052
4986
9851
6665
5300
251
1338
2842
6317
6928
6868
1410
6991
8398
6106
443
6807
3955
3267
7128
436
9026
2272
233
9411
9200
2738
6888
3935
5241
9212
4054
451
366
497
244
5436
5464
5664
5054
226
4517
3792
7226
7330
9517
8093
7434
9499
5019
5516
413
6147
2060
6921
5566
5752
7863
1781
1199
4962
3888
8831
7500
5923
6015
8273
411
8459
7356
5749
2640
738
4411
7213
4363
2032
-1
1340
9956
4771
379
3416
9008
1798
91
3580
6947
9101
9599
6797
2549
7066
5894
5325
4323
4162
8532
2929
4100
4029
4892
7321
1110
5663
7509
600
2456
5055
9677
2396
7538
9816
1833
1024
7088
5833
985
4113
505
3885
1215
881
6132
3131
1334
6554
7050
219
1259
6207
9805
9625
5944
7386
803
4093
8587
4807
4142
8076
6926
7032
9085
8677
2338
8422
6982
1068
8226
1649
233
4472
5879
791
4314
2837
1435
3305
2963
5009
2978
2632
3447
9074
6219
6476
8518
1115
7944
3903
3157
6057
2264
8333
8749
7937
2774
9231
9940
1168
684
9604
6975
2114
5484
3366
1198
6946
8870
3289
485
4485
5651
1316
8429
4615
3259
749
3050
530
6852
636
7664
1086
3015
4054
3853
5212
6612
26
3082
1146
3050
6035
632
106
9989
6417
9805
8476
1268
2168
753
4930
8772
3112
5720
1677
5827
5717
-1
3370
9772
4761
9081
2787
1274
9550
9108
607
4961
5868
3016
6379
9192
7298
2774
7938
2010
9733
1456
2937
857
717
7869
5632
5641
6050
3904
9699
6170
2783
8830
1863
3256
7927
6613
2341
4106
9284
3221
2122
7121
3606
5648
4632
5476
3737
3173
7532
8915
4069
8855
2371
4208
2316
8974
9349
5618
729
5133
3510
7394
5973
3800
5666
1667
19
2373
8852
5376
3485
8676
6855
942
9329
9814
6863
4649
2892
4297
1369
-1
8876
5275
6337
216
8748
2892
6171
4626
7310
8041
3329
9374
7026
8741
1230
3697
439
7105
8160
4917
3591
9511
9521
5072
666
5848
9622
4500
7073
9988
6568
2384
2536
6227
296
1868
5653
1125
5230
6501
727
8502
8117
1867
2145
6913
9792
9894
1016
7353
6233
3810
5446
3736
3983
4007
7014
6541
450
5115
1548
4013
9245
5476
7190
9012
6696
3642
5088
7633
2573
3265
3058
5898
5767
7980
9083
3068
7268
2380
4049
2926
8923
5768
4451
8955
4569
9651
1065
7068
896
2520
3815
7260
4623
7353
6468
7416
1019
2750
2041
2326
4788
4870
1861
4298
3498
4768
7189
2561
4149
2020
614
7538
7266
3141
7590
3438
8713
5842
1299
6934
8598
5879
5051
2018
590
8137
2379
7917
7936
408
9704
228
8843
8833
3792
2239
5288
924
4052
8356
985
2850
6157
837
173
7101
4515
3984
987
1156
8003
7088
8901
5297
5419
5027
8714
72
4458
9662
7791
3954
9393
1598
4299
4930
4324
3900
9006
2381
7408
6718
702
2754
5221
175
2592
1638
1366
9721
6384
8112
66
7845
3894
6800
6710
3718
6694
8215
7921
8327
235
1135
8703
7305
3615
2466
442
1688
6726
7219
2480
6192
1157
5152
805
9196
4367
6710
2282
9057
9855
9802
9724
6630
3256
7264
4668
9889
9932
6061
7333
3793
6555
2547
9917
1200
9233
2627
8352
9947
8137
5259
6344
1181
9971
2521
4740
6179
1801
5974
7063
5420
5980
1777
4830
3339
4464
3667
4782
8157
160
4307
5610
9739
5603
6435
2600
4766
1841
3184
4309
5218
1197
2296
8657
3758
5262
8157
7373
8708
3624
8293
9354
3764
3562
2244
6218
2489
6055
768
5684
2014
7697
9515
7508
7141
9084
4276
5694
8625
9636
1751
1659
9466
2974
7509
9761
3689
3924
8061
4024
2088
7242
4052
3802
8677
8186
2279
4712
5862
7812
4666
4693
3867
1890
8948
2367
3766
4464
785
3602
5201
5732
2850
1312
9863
9824
1257
3091
4268
4686
3861
5973
1893
9322
922
7624
3568
6660
9
5767
8657
6690
7734
1638
6979
2902
5186
807
3000
3355
7842
7970
1253
4650
2469
7873
1231
6463
8466
2877
3643
108
8334
3161
2367
2305
7392
1560
5470
1467
4561
5833
4515
6017
3280
2301
8741
3485
4733
3422
8481
225
396
1328
4414
9163
1948
5273
360
9848
5319
4067
7433
164
7312
603
3108
2236
2480
1325
7778
8394
2465
6810
8693
1811
1538
3892
5513
7156
2698
5286
3565
2697
6081
1144
9210
3046
9476
1452
1576
6747
9407
1556
9847
3896
7384
4594
8543
5333
7560
1556
7242
6748
5402
4954
7090
7974
1720
6828
7551
213
663
9752
9262
8447
3666
9455
1913
3087
8943
5901
177
3953
8833
3896
7873
3331
5215
3117
4033
4723
4470
5688
9512
3849
8060
5314
5489
8337
4910
1971
9386
4119
5901
7903
254
6622
3640
7654
660
174
8006
4019
7231
549
4373
6653
7331
6427
1365
7078
2478
1166
4628
4742
4514
4725
6693
3737
7283
4148
8618
4093
3447
7152
6035
6954
1661
3943
6316
2593
4308
5869
4955
4501
2560
5796
2567
5573
6122
6121
8140
5647
3713
1501
3141
4914
6544
6171
571
2981
2137
2786
2839
4012
9875
8195
3203
5182
4607
4269
1087
739
1617
2471
366
2312
3036
3793
9708
5948
6690
1251
9870
884
7147
2986
3610
4115
3775
6382
4709
5782
561
3979
4737
9938
1469
1694
354
5726
5504
7620
6983
4974
2251
2035
8506
1357
1162
3847
635
2642
947
1620
3379
2279
4383
789
8652
4135
9432
5018
1557
4766
7040
3064
8025
1687
9174
6612
6717
-1
7177
9663
6210
2782
8494
1957
863
5809
592
5489
6233
8528
1153
7648
8463
8622
3635
5030
8369
1108
5177
3778
1985
608
5091
555
9468
9046
2030
6528
1778
2968
3873
2844
676
1593
7839
3040
3590
2641
7569
1118
8596
9360
9344
3893
4970
8403
5902
7656
6457
1895
6968
9962
4754
5815
949
7486
5042
9911
7033
1596
8887
907
7388
655
143
3453
1293
8200
6356
8721
900
7290
3771
504
3184
3574
3661
8880
8259
568
7907
9644
7436
4532
2182
7015
1819
5801
13
5560
6562
3705
8255
1865
3299
3909
9835
2013
1719
9909
3130
6960
6659
8533
2666
9398
9549
1309
2004
2327
6900
5767
3613
8364
6897
6671
26
5756
5435
5373
4246
-1
3350
7169
9979
7273
6979
6754
4715
5888
1345
4609
445
8989
488
7072
4268
9488
1924
5472
7102
6880
7639
4007
4868
3101
651
9623
8773
3126
6277
8795
570
4123
8847
1699
5517
9985
5760
6004
5689
1124
5970
5639
3856
3800
3324
5326
756
4094
9710
6615
7925
1899
4840
1283
2702
5788
4439
5555
3011
2477
1053
2618
3443
4296
2577
8603
9744
8060
165
764
3671
8122
5475
4914
3470
249
2763
9474
4020
4684
6752
8715
2371
9963
9827
114
1158
8593
9986
2407
627
2993
1531
7375
9436
5642
7346
9678
6731
3413
614
9867
4881
3791
6637
7799
8928
8467
8497
3267
1960
194
5640
6093
1973
6808
7339
3545
1951
5141
9868
7388
4630
1487
1136
383
363
6453
6964
148
3468
6978
4062
8192
6504
3462
6812
3808
8211
5124
1105
1863
5932
592
9547
3052
2426
8367
867
4766
2586
6803
5513
1968
4799
925
2769
5807
8923
3947
4462
8955
9391
3448
8155
1634
8265
2300
9013
182
8140
2600
127
114
1376
6884
3086
9317
4070
9107
5159
3302
5904
4478
754
4628
8258
1617
8474
8394
5999
1271
9422
6722
1285
8751
2783
7800
2616
501
8267
5902
7829
1155
3663
5090
6034
514
7414
5336
519
2371
7162
7999
7823
6573
2178
2069
8026
1105
1990
6657
1148
4081
9829
8528
6966
1233
1293
5538
3749
1924
835
3019
7164
4365
8046
6206
9496
5573
5303
8231
4912
157
5188
1032
9557
6973
1113
6734
7829
9591
1058
4122
7725
819
4882
9467
5848
7774
5306
658
2869
9220
8436
6797
6928
5090
8491
5350
5733
5145
2284
7527
723
6201
3983
9708
9817
5433
3089
6861
6552
6794
2598
9098
2206
2616
3380
9265
6507
3576
6007
7568
1637
5377
4271
4126
1402
7810
1423
1583
2620
6437
3194
2493
3185
960
422
5555
7916
2244
6463
4144
9432
1497
8001
7271
7866
5514
6527
5303
6344
4797
9108
986
3249
8937
1279
6843
6797
6790
2403
9756
7816
7875
7449
1971
4111
3297
4990
2261
2556
7571
6325
3325
4563
4126
3899
3086
1068
7088
1573
514
4371
9016
7282
9821
1354
292
5555
5227
3288
2162
8633
3820
7112
177
9679
9
3457
1452
207
642
2766
4295
988
3130
626
4964
3484
8207
4891
2005
2982
1
7331
687
5151
5724
3612
4082
2826
6779
2928
5087
7264
608
5574
3434
1560
4259
5211
1878
1887
4580
6287
7666
6169
7256
7987
7494
8813
5901
2597
2616
7952
7207
1535
6865
2083
4242
5796
5346
4719
7843
2567
3673
1292
829
6073
8143
5360
5200
3010
7435
2561
7488
2782
5345
9537
1273
5318
4605
4624
9242
402
3601
773
2320
597
2441
3084
4137
2591
1029
681
7068
8636
9408
2539
7129
3584
1017
6048
5163
1753
6266
6023
6608
9614
9049
4111
7708
3449
4248
8707
549
8287
5274
1468
5508
4682
8144
3254
4789
9570
180
119
3033
3830
4949
6409
2415
6116
2709
9899
1031
6076
6838
9648
6916
3141
995
5117
1935
7664
729
3561
4547
-1
4447
8485
5192
6379
2981
951
7175
709
3310
5035
7760
199
9837
5969
4514
2462
9718
7417
8769
8937
6539
1735
4879
3173
9299
1376
2316
7701
2243
923
5252
740
7812
9935
3154
8581
8466
844
341
6283
7251
4336
7600
9668
8219
7072
8878
2661
7079
7444
8037
1560
256
8809
5911
7622
8172
2114
5194
9362
2517
4009
360
2051
4015
2254
4480
8380
2332
7492
4588
2760
7346
5100
678
6038
5123
7834
4376
3214
7921
1435
2201
6955
2402
1787
2095
6969
1424
7797
8937
1091
6215
2200
9409
5529
2918
3402
2632
3113
1193
3894
8841
8128
8788
9083
7761
8135
2471
7721
3662
9532
5737
1066
2525
7317
3400
6382
390
6733
8857
7143
9069
23
6651
5328
8893
4313
9075
5225
3487
9724
2960
2908
7640
494
3392
5647
3020
9621
2302
8907
6787
9429
9992
8794
5095
4192
1642
5161
6085
9798
4867
4813
3658
2930
7640
4299
4267
7689
6075
1138
5516
3588
5268
499
2760
3478
6771
1413
843
6240
3782
7991
86
9840
2919
8126
3086
1828
2057
79
8935
5084
6955
5757
6092
7546
5534
4275
7563
9491
7204
7908
3753
5328
3861
8712
5490
5745
8252
3500
1018
5535
7921
468
7404
3020
4229
2322
575
488
9256
6402
4163
9902
9382
3738
2018
8707
7080
2423
4368
8690
9335
6587
6938
1102
6736
1417
2745
9817
3096
2486
3761
4998
4187
8127
2034
199
6592
4916
414
7538
4166
8265
8578
1305
8712
7925
8413
2929
9385
6765
5198
1518
4358
3847
5763
9277
3595
9322
4454
7390
26
9714
8644
3784
4070
1778
2947
5967
6077
5081
9896
4382
1616
7309
1635
8223
6092
6932
6259
5424
4562
4888
6781
6981
7225
9531
8094
8660
4951
3501
3958
9389
9264
264
4205
5985
5319
4577
2189
5978
1117
3715
6852
6747
7234
5433
7367
4690
3274
5140
-1
1363
82
4643
35
8930
8844
9904
3679
3472
861
7463
5539
2276
3375
5615
1241
2389
358
7618
5775
-1
5832
5605
3905
2728
5518
4555
7183
6935
670
5511
8048
9887
1744
1735
6670
7126
8843
4910
5431
949
3521
137
6568
9374
7613
1868
6879
491
7590
2544
2715
1015
7600
1754
8800
3211
8962
8397
5492
138
996
5953
-1
9873
3655
8396
4858
200
3310
2052
267
8363
9965
5940
6936
1573
3271
4264
8576
8749
3181
2532
1599
1205
441
66
5181
5367
4527
9940
4457
5377
4581
731
4602
7966
7314
9957
5206
8222
4078
7717
7712
4384
5647
6583
1147
63
8060
8947
8418
3314
7316
2993
5355
968
1288
2289
4431
613
7539
733
51
7153
770
5708
3391
3484
6021
7201
3518
6019
6161
3151
6735
2102
4434
7659
3118
5947
4324
7677
2735
7859
2828
1396
519
3752
6358
2975
-1
8404
7000
6382
9375
5705
6104
3000
9233
7568
5488
8154
1002
4998
3432
1898
2322
9525
8693
9498
1898
3644
109
5367
7254
3450
7301
6875
9958
8324
1156
8059
43
3444
1835
2664
7038
2561
4750
991
662
4741
6029
8775
8593
7713
1612
6111
7324
5706
4072
2849
9800
1333
2909
4726
9194
6776
6640
6981
7956
7469
2261
3482
818
3601
4990
1308
3474
3366
7076
9162
7863
2981
1740
787
2790
8892
1926
9719
1715
3013
3710
2199
3874
6953
6497
8046
4951
2733
5085
4663
3790
5073
3485
7291
2830
8128
431
5797
1855
2278
959
3075
906
7093
3875
5180
4778
5563
7442
1421
5230
4277
6378
8609
2400
8266
9682
8840
9803
8937
5741
9775
7518
1996
2432
4664
2230
7064
6464
7176
3523
6324
9950
8986
4583
8436
2220
7058
1261
605
263
2788
5858
1945
6880
8443
7082
6626
4427
9595
4365
7805
57
5541
3633
266
5252
9823
3427
8514
8593
9382
4297
7248
8097
6158
6574
8225
921
8314
2624
8952
9713
8201
2934
2488
8830
8781
1854
6775
9118
8528
9301
3407
6266
2217
2810
8701
2381
900
5915
1165
1333
358
7543
9277
237
5201
7735
4789
5471
2689
4507
8540
4168
7713
7766
5425
6756
5206
2224
3051
1044
1808
6474
9213
4619
7976
2730
3926
8368
1062
6527
9253
3396
1927
8601
8054
7698
923
3387
6527
4261
1734
3823
4306
3691
9456
9042
3708
8967
8916
9229
-1
5849
2299
498
6584
3054
8664
2742
3528
6681
2527
1593
8543
3715
3196
9808
8410
883
2287
1003
3924
974
7148
7951
7613
2758
7682
44
7845
4284
9193
9526
9447
1894
911
3757
9422
656
2122
1501
9059
885
2120
1204
5327
7714
9402
1257
4353
2012
2523
1588
4139
5934
8610
6956
6098
4922
6690
8890
481
6487
905
783
2606
2356
4320
7505
1928
5908
3107
5800
2182
6192
9214
7887
5592
7245
4202
7362
478
9592
3809
9919
1831
9418
491
4987
